57
83
109
135
162
189
215
241
267
294
320
346
371
396
422
448
473
498
523
548
573
598
623
648
673
698
723
748
773
798
823
848
873
898
923
948
973
998
1024
1050
1076
1103
1129
1156
1183
1208
1235
1261
1287
1313
1339
1365
1392
1418
1445
1471
1497
1523
1548
1574
1600
1625
1650
1677
1702
1729
1756
1782
1807
1833
1859
1884
1910
1935
1960
1986
2013
2039
2065
2091
2118
2144
2171
2198
2225
2251
2277
2303
2330
2357
2384
2411
2437
2463
2490
2517
2544
2571
2597
2623
2650
2676
2703
2730
2756
2783
2808
2834
2860
2886
2913
2940
2966
2992
3018
3044
3069
3094
3119
3146
3171
3196
3221
3248
3274
3300
3326
3353
3380
3407
3433
3459
3485
3511
3536
3563
3590
3617
3642
3667
3692
3718
3743
3769
3794
3819
3845
3872
3898
3925
3951
3977
4003
4029
4055
4081
4107
4133
4159
4185
4212
4239
4264
4291
4318
4345
4371
4398
4424
4450
4476
4503
4529
4554
4579
4604
4629
4654
4679
4704
4729
4754
4779
4804
4829
4854
4881
4906
4931
4957
4983
5009
5036
5062
5088
5114
5140
5166
5192
5218
5244
5270
5295
5321
5348
5375
5402
5428
5454
5480
5506
5532
5558
5584
5610
5636
5662
5689
5716
5743
5769
5796
5822
5849
5875
5902
5928
5954
5980
6006
6032
6058
6084
6110
6136
6161
6186
6211
6237
6262
6287
6312
6337
6362
6387
6412
6437
6464
6491
6518
6544
6570
6596
6622
6648
6674
6700
6726
6752
6779
6805
6831
6857
6883
6910
6937
6963
6989
7015
7041
7067
7093
7119
7145
7172
7198
7224
7250
7276
7303
7329
7355
7381
7407
7433
7459
7485
7511
7537
7563
7589
7615
7641
7667
7693
7719
7745
7771
7797
7823
7850
7876
7902
7928
7954
7980
8006
8032
8057
8082
8108
8134
8160
8186
8212
8238
8264
8290
8316
8342
8368
8394
8420
8446
8472
8498
8524
8551
8577
8604
8631
8657
8683
8709
8735
8762
8789
8815
8841
8868
8895
8922
8948
8974
9000
9026
9052
9078
9104
9130
9156
9182
9208
9234
9260
9286
9312
9338
9365
9391
9417
9442
9467
9492
9517
9542
9567
9593
9619
9646
9673
9700
9725
9752
9778
9804
9830
9856
9883
9909
9935
9961
9987
10012
10037
10063
10090
10116
10142
10169
10196
10222
10248
10274
10300
10326
10352
10378
10404
10430
10457
10483
10509
10535
10561
10586
10612
10638
10663
10690
10716
10741
10767
10792
10819
10846
10873
10900
10926
10953
10980
11007
11034
11061
11087
11113
11139
11165
11191
11216
11241
11268
11295
11321
11347
11374
11401
11427
11452
11478
11504
11530
11556
11582
11608
11634
11659
11684
11711
11737
11763
11789
11815
11841
11867
11893
11919
11944
11970
11996
12022
12048
12074
12101
12128
12155
12180
12205
12232
12259
12285
12312
12339
12365
12392
12419
12446
12473
12499
12525
12550
12576
12602
12628
12655
12680
12705
12731
12757
12783
12809
12836
12862
12888
12915
12942
12968
12994
13021
13048
13075
13102
13128
13155
13181
13208
13235
13261
13287
13313
13340
13367
13393
13420
13446
13473
13500
13527
13554
13581
13608
13635
13662
13689
13716
13743
13770
13797
13824
13851
13878
13905
13932
13959
13986
14013
14040
14067
14094
14121
14148
14175
14202
14229
14255
14282
14309
14336
14363
14390
14417
14444
14471
14498
14525
14552
14579
14606
14633
14660
14687
14714
14741
14768
14795
14822
14849
14876
14903
14930
14957
14984
15010
15037
15064
15091
15118
15145
15172
15199
15226
15253
15280
15307
15334
15360
15387
15414
15441
15468
15495
15522
15549
15576
15603
15630
15657
15684
15711
15738
15765
15792
15819
15845
15871
15896
15923
15949
15976
16003
16029
16056
16083
16110
16136
16162
16188
16214
16241
16268
16295
16322
16349
16376
16403
16429
16455
16482
16508
16535
16562
16588
16615
16641
16666
16692
16718
16744
16769
16795
16821
16847
16873
16899
16924
16950
16975
17001
17027
17053
17078
17103
17129
17155
17180
17206
17231
17257
17283
17309
17335
17361
17388
17414
17440
17465
17490
17516
17542
17568
17594
17619
17645
17672
17698
17724
17750
17775
17801
17828
17853
17879
17906
17933
17959
17986
18013
18039
18065
18091
18117
18144
18169
18195
18222
18248
18274
18299
18324
18350
18376
18401
18426
18452
18479
18505
18532
18559
18586
18613
18640
18666
18693
18719
18746
18773
18800
18827
18854
18881
18908
18935
18961
18988
19015
19041
19068
19095
19122
19149
19176
19203
19230
19257
19284
19311
19338
19365
19392
19419
19446
19473
19500
19526
19552
19579
19606
19633
19660
19687
19713
19739
19765
19790
19816
19842
19868
19894
19920
19946
19972
19998
20024
20050
20076
20101
20127
20153
20179
20205
20230
20256
20282
20308
20334
20361
20387
20413
20439
20466
20492
20518
20544
20570
20597
20623
20650
20677
20704
20730
20756
20783
20810
20836
20863
20888
20913
20939
20965
20991
21018
21045
21072
21099
21126
21153
21179
21205
21231
21257
21283
21309
21334
21359
21384
21409
21436
21462
21488
21513
21538
21563
21588
21613
21639
21664
21691
21717
21744
21770
21795
21821
21848
21874
21900
21927
21952
21978
22005
22030
22055
22080
22106
22133
22160
22186
22212
22238
22263
22288
22313
22340
22365
22391
22418
22445
22471
22497
22522
22547
22572
22597
22622
22647
22672
22698
22724
22751
22778
22805
22832
22858
22885
22911
22938
22964
22990
23017
23043
23069
23096
23122
23149
23175
23201
23228
23255
23281
23308
23334
23361
23388
23415
23441
23467
23493
23519
23545
23571
23597
23623
23649
23675
23702
23729
23755
23781
23807
23833
23859
23886
23913
23939
23965
23991
24017
24044
24070
24096
24122
24148
24175
24202
24228
24254
24281
24308
24335
24362
24388
24414
24440
24466
24492
24518
24545
24572
24599
24625
24651
24677
24704
24730
24756
24782
24809
24835
24862
24889
24916
24943
24969
24995
25022
25049
25075
25100
25125
25150
25176
25202
25229
25255
25282
25308
25334
25359
25385
25410
25435
25460
25487
25514
25540
25566
25591
25617
25643
25669
25695
25721
25747
25772
25798
25823
25849
25875
25902
25927
25954
25979
26004
26030
26057
26082
26107
26133
26159
26185
26211
26237
26263
26288
26315
26342
26369
26395
26422
26449
26476
26503
26529
26556
26582
26609
26636
26663
26689
26716
26743
26770
26797
26824
26851
26878
26905
26932
26959
26986
27013
27040
27067
27092
27117
27142
27167
27192
27217
27242
27269
27296
27323
27350
27377
27403
27429
27456
27482
27509
27535
27560
27585
27610
27635
27661
27687
27713
27740
27766
27793
27819
27845
27872
27897
27923
27950
27976
28003
28029
28055
28081
28107
28133
28160
28187
28214
28241
28268
28295
28322
28349
28376
28403
28430
28456
28483
28510
28537
28564
28591
28618
28644
28671
28696
28721
28746
28771
28796
28821
28848
28874
28900
28926
28952
28978
29004
29030
29057
29083
29109
29135
29161
29187
29213
29239
29266
29292
29317
29343
29369
29394
29419
29444
29470
29497
29523
29550
29576
29603
29629
29655
29680
29705
29731
29758
29785
29811
29838
29864
29890
29916
29942
29967
29993
30019
30045
30070
30095
30120
30145
30170
30195
30221
30246
30271
30298
30325
30350
30377
30404
30430
30457
30483
30510
30537
30564
30590
30616
30643
30669
30695
30721
30747
30773
30799
30825
30851
30877
30903
30929
30955
30981
31007
31034
31060
31086
31112
31138
31164
31190
31216
31242
31268
31295
31321
31347
31374
31401
31427
31454
31480
31506
31531
31556
31581
31606
31631
31656
31683
31710
31736
31763
31789
31815
31841
31867
31893
31919
31944
31971
31998
32023
32049
32075
32101
32127
32153
32180
32207
32234
32260
32286
32312
32338
32365
32392
32418
32444
32470
32497
32523
32550
32575
32602
32629
32654
32680
32705
32731
32757
32783
32810
32836
32863
32888
32913
32938
32963
32988
33013
33040
33067
33094
33120
33146
33172
33198
33224
33250
33276
33302
33328
33354
33380
33406
33432
33458
33484
33510
33536
33562
33588
33614
33640
33665
33690
33716
33742
33768
33794
33820
33846
33873
33899
33925
33952
33978
34005
34030
34056
34082
34108
34134
34160
34186
34211
34238
34265
34292
34319
34344
34370
34397
34424
34450
34475
34502
34529
34555
34582
34609
34636
34663
34689
34715
34741
34767
34794
34819
34845
34871
34897
34923
34949
34976
35003
35029
35055
35082
35109
35136
35161
35187
35212
35237
35263
35289
35314
35339
35365
35391
35417
35443
35468
35495
35522
35548
35575
35601
35627
35652
35678
35704
35730
35756
35782
35807
35832
35858
35885
35912
35938
35964
35990
36017
36043
36070
36096
36122
36148
36174
36200
36226
36253
36278
36303
36329
36355
36381
36407
36433
36458
36483
36508
36534
36561
36586
36613
36640
36665
36692
36719
36746
36771
36797
36822
36848
36874
36899
36926
36951
36977
37003
37029
37055
37081
37107
37133
37160
37187
37213
37239
37265
37291
37317
37344
37370
37397
37424
37450
37477
37504
37530
37555
37580
37606
37632
37658
37684
37711
37736
37761
37788
37815
37841
37867
37893
37919
37946
37972
37998
38024
38049
38076
38103
38130
38157
38184
38209
38236
38263
38289
38316
38342
38368
38395
38421
38448
38474
38500
38527
38553
38579
38606
38633
38659
38685
38712
38739
38766
38793
38820
38847
38874
38900
38927
38954
38980
39007
39034
39061
39087
39114
39141
39168
39195
39221
39247
39274
39300
39327
39354
39381
39407
39434
39460
39487
39514
39540
39567
39594
39621
39647
39674
39700
39727
39754
39780
39807
39834
39861
39887
39914
39941
39968
39995
40022
40049
40076
40103
40130
40156
40182
40207
40233
40259
40284
40309
40335
40361
40387
40412
40438
40463
40488
40514
40540
40565
40591
40616
40641
40666
40692
40718
40744
40770
40796
40821
40846
40872
40898
40924
40949
40975
41001
41027
41053
41079
41104
41130
41156
41181
41207
41233
41259
41286
41311
41337
41363
41390
41416
41441
41466
41492
41518
41543
41568
41593
41619
41645
41671
41698
41724
41749
41775
41801
41826
41852
41878
41904
41930
41956
41981
42006
42032
42058
42084
42110
42135
42161
42187
42213
42239
42265
42292
42317
42342
42369
42395
42420
42446
42472
42499
42526
42553
42579
42605
42631
42657
42683
42709
42736
42762
42788
42814
42840
42867
42894
42920
42946
42973
42999
43026
43052
43078
43105
43131
43158
43184
43211
43237
43263
43290
43316
43342
43368
43394
43419
43445
43470
43495
43521
43548
43574
43599
43625
43651
43678
43703
43728
43754
43779
43804
43830
43857
43884
43910
43936
43962
43988
44013
44039
44066
44092
44118
44144
44170
44197
44223
44249
44276
44301
44326
44352
44378
44404
44429
44454
44481
44506
44531
44558
44585
44611
44637
44664
44691
44717
44743
44768
44793
44818
44845
44871
44897
44923
44949
44974
45001
45028
45055
45081
45108
45135
45162
45188
45215
45242
45268
45295
45322
45349
45376
45403
45430
45457
45484
45511
45538
45564
45591
45618
45645
45670
45697
45723
45748
45773
45798
45823
45848
45873
45898
45925
45951
45977
46003
46030
46056
46082
46108
46134
46160
46186
46212
46238
46263
46288
46313
46338
46364
46390
46417
46442
46468
46495
46521
46546
46571
46596
46622
46649
46675
46702
46729
46756
46782
46809
46836
46863
46890
46916
46942
46969
46995
47020
47046
47072
47098
47124
47151
47177
47204
47231
47257
47283
47309
47335
47361
47387
47413
47439
47465
47491
47517
47544
47570
47595
47622
47649
47675
47701
47727
47754
47780
47806
47832
47858
47884
47910
47937
47963
47989
48016
48042
48068
48094
48120
48145
48171
48196
48221
48246
48271
48297
48323
48349
48376
48402
48429
48456
48482
48508
48535
48561
48587
48614
48641
48668
48695
48722
48749
48775
48801
48828
48854
48880
48907
48934
48960
48987
49013
49040
49067
49093
49119
49146
49172
49198
49225
49252
49279
49306
49333
49360
49386
49413
49440
49466
49493
49519
49545
49571
49597
49623
49648
49674
49700
49727
49753
49779
49806
49833
49859
49886
49913
49939
49965
49992
50018
50043
50070
50096
50121
50148
50175
50202
50229
50256
50283
50310
50337
50362
50387
50412
50438
50463
50489
50514
50541
50566
50591
50616
50641
50668
50694
50721
50748
50775
50801
50827
50853
50880
50906
50932
50959
50985
51010
51036
51063
51090
51117
51144
51171
51198
51225
51251
51278
51304
51330
51356
51382
51408
51434
51460
51486
51512
51538
51564
51590
51617
51643
51670
51697
51723
51749
51775
51801
51827
51853
51879
51905
51931
51957
51983
52009
52035
52061
52087
52113
52139
52165
52191
52217
52243
52269
52295
52321
52347
52373
52399
52425
52451
52478
52504
52530
52556
52582
52608
52634
52660
52686
52712
52738
52764
52790
52816
52841
52868
52893
52920
52946
52971
52997
53024
53049
53074
53099
53124
53151
53178
53204
53231
53257
53284
53310
53336
53361
53386
53411
53436
53461
53488
53514
53540
53567
53594
53620
53647
53673
53699
53726
53753
53780
53807
53833
53860
53887
53914
53941
53967
53993
54020
54046
54072
54098
54125
54151
54177
54203
54228
54253
54278
54304
54329
54356
54381
54407
54432
54459
54485
54511
54537
54563
54589
54614
54640
54666
54692
54718
54745
54770
54795
54820
54845
54871
54897
54924
54950
54976
55002
55028
55054
55081
55108
55134
55160
55186
55212
55238
55264
55290
55316
55342
55368
55394
55420
55446
55472
55498
55524
55551
55577
55604
55631
55657
55683
55709
55735
55760
55785
55810
55836
55862
55888
55914
55940
55966
55992
56018
56044
56071
56096
56122
56148
56175
56201
56228
56254
56280
56307
56333
56359
56384
56409
56435
56461
56487
56513
56540
56566
56592
56618
56644
56669
56695
56722
56749
56776
56803
56830
56856
56883
56910
56936
56962
56988
57015
57040
57065
57090
57115
57142
57169
57195
57222
57249
57276
57303
57328
57353
57380
57407
57434
57461
57488
57514
57540
57566
57591
57617
57644
57670
57696
57722
57747
57773
57798
57824
57851
57876
57901
57928
57955
57981
58007
58033
58060
58086
58112
58138
58164
58190
58216
58242
58269
58295
58321
58348
58374
58401
58428
58455
58480
58506
58533
58560
58587
58614
58640
58667
58694
58721
58747
58772
58799
58826
58851
58876
58902
58927
58954
58980
59006
59033
59060
59086
59112
59137
59162
59187
59212
59237
59262
59288
59313
59338
59365
59392
59419
59446
59472
59498
59524
59551
59577
59604
59631
59657
59683
59709
59735
59760
59785
59810
59836
59862
59889
59916
59943
59970
59997
60023
60050
60076
60102
60128
60154
60180
60206
60232
60259
60285
60311
60337
60363
60389
60415
60442
60469
60496
60523
60550
60577
60604
60629
60654
60680
60707
60733
60759
60785
60810
60835
60860
60886
60911
60936
60962
60989
61016
61042
61069
61094
61121
61147
61174
61199
61226
61251
61276
61301
61328
61355
61381
61407
61434
61460
61485
61511
61537
61564
61590
61617
61642
61668
61695
61720
61747
61774
61799
61825
61851
61876
61902
61929
61955
61980
62005
62030
62056
62081
62108
62134
62159
62185
62210
62236
62262
62288
62314
62341
62367
62393
62419
62444
62470
62495
62521
62548
62575
62601
62628
62653
62678
62703
62728
62755
62782
62809
62836
62863
62890
62917
62944
62971
62998
63025
63052
63079
63106
63133
63160
63187
63214
63239
63264
63289
63315
63341
63367
63393
63419
63445
63470
63496
63523
63549
63576
63603
63630
63656
63682
63707
63733
63759
63784
63810
63836
63862
63888
63914
63940
63965
63991
64017
64043
64070
64097
64123
64150
64176
64201
64227
64252
64279
64305
64331
64357
64383
64410
64436
64462
64488
64513
64538
64563
64590
64616
64643
64670
64697
64724
64751
64776
64801
64826
64851
64877
64902
64927
64952
64978
65003
65028
65053
65080
65106
65132
65159
65185
65211
65237
65263
65289
65315
65341
65367
65394
65420
65446
65472
65498
65524
65550
65575
65601
65628
65653
65678
65704
65729
65754
65780
65805
65830
65857
65884
65909
65934
65959
65984
66009
66036
66063
66089
66115
66141
66167
66193
66219
66245
66271
66297
66322
66347
66373
66400
66426
66452
66477
66503
66528
66553
66578
66605
66632
66658
66684
66710
66737
66764
66791
66817
66844
66871
66898
66924
66951
66977
67004
67031
67058
67085
67112
67138
67164
67191
67218
67245
67270
67297
67324
67351
67378
67405
67432
67458
67484
67510
67536
67561
67586
67613
67639
67666
67692
67718
67744
67769
67795
67821
67848
67875
67901
67926
67952
67978
68004
68030
68056
68082
68109
68136
68163
68189
68215
68242
68267
68292
68318
68343
68369
68395
68420
68446
68472
68498
68525
68551
68577
68602
68628
68654
68679
68705
68732
68758
68784
68810
68836
68863
68889
68914
68939
68965
68992
69019
69045
69071
69097
69124
69151
69178
69204
69230
69255
69280
69306
69333
69360
69386
69412
69438
69464
69491
69517
69543
69570
69595
69620
69646
69672
69698
69724
69751
69777
69804
69829
69854
69879
69905
69932
69959
69985
70012
70038
70064
70091
70117
70143
70169
70195
70222
70247
70272
70298
70324
70350
70377
70402
70428
70453
70479
70504
70529
70556
70583
70609
70635
70661
70687
70713
70739
70765
70791
70817
70843
70869
70895
70921
70947
70973
70999
71025
71052
71077
71102
71127
71154
71181
71208
71235
71262
71288
71315
71342
71368
71395
71420
71445
71470
71495
71520
71545
71570
71595
71620
71645
71670
71695
71720
71745
71770
71795
71820
71845
71870
71895
71920
71947
71972
71997
72022
72047
72072
72099
72124
72149
72174
72199
72224
72250
72275
72300
72327
72353
72379
72405
72432
72458
72483
72508
72533
72558
72583
72608
72633
72660
72686
72713
72739
72766
72792
72817
72843
