57
83
109
135
162
189
214
241
266
293
319
345
372
399
425
450
476
502
529
556
582
607
633
660
686
711
738
763
788
813
838
863
889
915
941
967
994
1019
1044
1069
1096
1122
1149
1175
1201
1228
1255
1282
1308
1334
1361
1387
1414
1441
1467
1493
1519
1546
1572
1598
1625
1651
1678
1704
1731
1758
1784
1810
1836
1861
1888
1915
1942
1968
1994
2019
2046
2072
2099
2125
2151
2177
2203
2228
2254
2280
2306
2332
2358
2384
2410
2436
2462
2488
2515
2541
2568
2593
2620
2647
2673
2698
2724
2750
2776
2803
2829
2856
2882
2907
2932
2958
2984
3009
3035
3062
3088
3114
3140
3166
3191
3217
3243
3269
3294
3319
3344
3371
3398
3425
3452
3479
3506
3533
3560
3587
3613
3640
3667
3694
3719
3746
3772
3799
3824
3851
3876
3903
3929
3954
3980
4006
4032
4059
4084
4110
4137
4163
4188
4214
4241
4267
4294
4319
4345
4371
4397
4424
4451
4478
4504
4531
4556
4582
4609
4635
4662
4689
4715
4741
4766
4792
4818
4843
4868
4895
4921
4947
4973
5000
5027
5054
5080
5107
5133
5160
5187
5214
5240
5266
5292
5317
5343
5369
5396
5423
5448
5474
5501
5527
5553
5580
5605
5632
5659
5686
5712
5739
5766
5793
5820
5846
5873
5899
5926
5952
5979
6006
6033
6060
6086
6112
6138
6164
6191
6218
6245
6272
6299
6326
6352
6378
6403
6429
6456
6483
6510
6536
6562
6588
6614
6641
6667
6693
6719
6746
6773
6799
6826
6851
6878
6905
6932
6959
6985
7011
7037
7063
7088
7114
7141
7168
7194
7220
7247
7273
7299
7326
7353
7380
7405
7431
7457
7484
7509
7534
7560
7586
7613
7639
7665
7691
7717
7742
7768
7794
7820
7846
7872
7898
7924
7950
7976
8003
8029
8055
8082
8108
8134
8159
8185
8211
8236
8263
8290
8316
8342
8368
8394
8421
8447
8472
8499
8525
8551
8577
8604
8630
8655
8681
8708
8733
8760
8786
8812
8837
8863
8890
8915
8942
8969
8996
9022
9049
9075
9101
9128
9153
9180
9207
9233
9259
9284
9310
9336
9361
9386
9413
9440
9466
9493
9520
9547
9573
9599
9625
9651
9676
9702
9729
9755
9781
9807
9833
9860
9885
9910
9937
9964
9991
10018
10045
10071
10098
10125
10150
10177
