57
83
110
137
163
189
216
243
268
295
322
349
376
402
428
454
481
507
534
561
588
614
641
667
693
720
746
773
800
827
853
879
906
933
960
987
1013
1040
1066
1093
1120
1146
1172
1198
1225
1251
1278
1305
1332
1358
1385
1412
1438
1464
1490
1516
1543
1569
1595
1621
1648
1674
1700
1726
1753
1780
1806
1832
1858
1884
1911
1938
1964
1991
2017
2044
2070
2096
2122
2148
2174
2201
2227
2253
2280
2307
2334
2361
2387
2414
2440
2466
2491
2518
2544
2570
2596
2623
2650
2676
2702
2729
2755
2781
2808
2833
2859
2886
2912
2937
2963
2988
3014
3041
3067
3094
