57
83
108
133
159
185
211
238
264
290
316
342
368
393
419
445
471
497
523
550
576
602
628
655
681
707
733
760
785
811
836
863
888
914
940
967
994
1021
1048
1074
1099
1124
1149
1174
1199
1225
1252
1279
1305
1332
1358
1384
1409
1434
1461
1486
1512
1538
1563
1589
1616
1642
1668
1695
1721
1747
1772
1799
1824
1850
1875
1900
1925
1952
1979
2006
2033
2058
2085
2111
2138
2165
2191
2217
2243
2269
2295
2320
2346
2372
2398
2425
2450
2475
2500
2527
2553
2579
2606
2632
2658
2684
2711
2737
2764
2790
2817
2843
2869
2896
2922
2947
2972
2997
3022
3047
3072
3098
3123
3149
3174
3200
3226
3253
3279
3305
3332
3357
3383
3410
3435
3461
3488
3514
3540
3567
3593
3620
3647
3674
3701
3726
3751
3778
3804
3830
3856
3883
3908
3934
3960
3987
4014
4041
4067
4093
4120
4146
4173
4200
4227
4254
4281
4308
4335
4362
4388
4414
4440
4466
4492
4519
4545
4571
4597
4624
4649
4676
4702
4728
4754
4780
4805
4832
4858
4883
