57
82
109
136
162
188
215
240
265
292
319
346
373
399
426
453
480
507
534
559
585
612
639
666
693
720
746
772
798
825
852
879
904
931
958
985
1012
1038
1065
1092
1119
1145
1172
1199
1226
1253
1280
1306
1332
1359
1385
1411
1437
1464
1491
1517
1544
1571
1597
1624
1650
1677
1704
1731
1758
1785
1812
1838
1865
1891
1918
1945
1972
1999
2026
2052
2078
2105
2131
2158
2185
2212
2239
2266
2292
2318
2344
2371
2397
2423
2450
2477
2504
2530
2556
2582
2608
2634
2660
2686
2713
2740
2767
2794
2821
2847
2873
2899
2925
2950
2976
3003
3029
3055
3081
3107
3134
3161
3188
3215
3242
3269
3294
3321
3348
3374
3401
3428
3454
3479
3506
3533
3560
3587
3613
3640
3667
3693
3719
3746
3772
3798
3825
3852
3878
3904
3930
3956
3982
4008
4034
4061
4088
4114
4141
4167
4193
4220
4246
4273
4300
4327
4353
4380
4407
4434
4459
4485
4511
4537
4563
4588
4615
4641
4668
4694
4720
4745
4772
4798
4825
4851
4877
4904
4931
4958
4985
5012
5039
5065
5090
5116
5142
5169
5196
5223
5250
5277
5304
5331
5357
5383
5410
5437
5464
5491
5518
5544
5571
5598
5625
5651
5677
5704
5731
5758
5784
5811
5838
5865
5891
5917
5943
5970
5996
6023
6049
6075
6102
6129
6155
6181
6207
6233
6260
6287
6314
6341
6367
6393
6419
6446
6473
6499
6526
6552
6579
6604
6631
6658
6685
6712
6738
6765
6790
6816
6842
6868
6894
6920
6947
6974
7000
7025
7052
7078
7105
7131
7156
7182
7208
7235
7262
7289
7316
7342
7367
7394
7421
7448
7474
7501
7528
7555
7582
7609
7635
7660
7687
7714
7741
7767
7792
7818
7844
7870
7896
7923
7950
7977
8004
8031
8058
8083
8110
8135
8161
8188
8215
8242
8269
8295
8322
8349
8375
8401
8427
8454
8480
8507
8533
8560
8587
8614
8641
8668
8695
8722
8748
8775
8800
8826
8852
8879
8905
8931
8957
8982
9009
9035
9061
9086
9112
9138
9165
9191
9218
9245
9271
9297
9324
9350
