57
84
110
136
162
188
213
238
264
289
314
339
366
393
418
445
471
496
522
549
576
601
626
653
679
704
730
757
784
811
836
861
888
914
940
967
993
1018
1044
1071
1096
1122
1147
1173
1199
1225
1251
1278
1303
1329
1355
1381
1407
1433
1460
1486
1512
1539
1565
1590
1616
1643
1670
1696
1723
1750
1776
1802
1828
1855
1881
1907
1934
1960
1986
2012
2039
2066
2092
2118
2145
2171
2197
2223
2249
2275
2302
2329
2355
2381
2407
2434
2461
2487
2514
2541
2568
2594
2620
2645
2671
2698
2723
2748
2775
2802
2828
2855
2881
2907
2932
2958
2983
3008
3033
3060
3085
3110
3136
3162
3189
3214
3240
3266
3293
3319
3345
3371
3396
3421
3448
3475
3502
3528
3554
3580
3606
3632
3658
3684
3710
3736
3763
3789
3815
3842
3869
3894
3921
3948
3974
3999
4025
4050
4075
4100
4125
4150
4176
4201
4228
4255
4282
4308
4333
4359
4384
4409
4436
4462
4489
4516
4543
4568
4594
4620
4646
4673
4698
4724
4751
4776
4802
4829
4854
4879
4905
4931
4958
4984
5011
5037
5064
5090
5115
5141
5166
5191
5218
5245
5270
5297
5324
5349
5376
5401
5427
5454
5481
5507
5534
5561
5587
5614
5640
5667
5693
5720
5747
5773
5800
5827
5854
5880
5906
5933
5960
5987
6013
6038
6064
6090
6116
6142
6169
6194
6219
6244
6269
6294
6320
6347
6372
6397
6422
6447
6474
6501
6528
6553
6580
6607
6634
6661
6687
6714
6739
6764
6790
6816
6843
6869
6896
6922
6949
6975
7001
7028
7054
7080
7107
7133
7160
7187
7214
7241
7266
7293
7318
7344
7370
7396
7422
7448
7474
7500
7526
7552
7578
7604
7629
7654
7680
7707
7732
7757
7782
7807
7832
7858
7884
7910
7936
7961
7988
8014
8040
8067
8094
8120
8145
8171
8198
8224
8251
8278
8303
8330
8357
8382
8409
8435
8460
8486
8513
8540
8566
8593
8620
8645
8672
8698
8725
8751
8777
8804
8830
8856
8882
8908
8935
8962
8988
9014
9039
9064
9090
9115
9141
9166
9192
9219
9244
9270
9296
9321
9346
9371
9397
9423
9448
9474
9501
9526
9553
9580
9607
9634
9661
9687
9713
9739
9764
9790
9816
9842
9869
9896
9922
9947
9972
9997
10024
10050
10076
10102
10129
10154
10181
10207
10234
10261
10286
10313
10338
10363
10389
10415
10441
10466
10492
10518
10543
10570
10596
10622
10649
10675
10700
10725
10751
10778
10805
10832
10857
10884
10909
10934
10960
10987
11014
11041
11067
11093
11120
11146
11172
11199
11226
11253
11280
11306
11332
11357
11384
11409
11435
11461
11487
11513
11539
11564
11590
11616
11642
11668
11695
11721
11747
11774
11800
11827
11853
11878
11903
11929
11954
11980
12007
12033
12059
12085
12112
12139
12165
12190
12215
12240
12266
12293
12319
12344
12370
12395
12420
12445
12471
12496
12522
12549
12575
12602
12628
12653
12679
12706
12733
12760
12787
12812
12839
12864
12889
12916
12941
12966
12992
13018
13045
13072
13098
13124
13150
13176
13202
13227
13254
13280
13307
13332
13357
13382
13407
13434
13459
13486
13512
13538
13563
13588
13613
13639
13665
13692
13717
13742
13767
13793
13819
13845
13870
13897
13923
13948
13973
13999
14025
14050
14076
14103
14130
14157
14184
14211
14238
14263
14288
14315
14342
14369
14396
14422
14448
14473
14499
14525
14550
14575
14600
14625
14651
14677
14703
14730
14756
14782
14808
14834
14861
14888
14913
14938
14963
14989
15016
15043
15069
15095
15120
15145
15171
15197
15223
15249
15274
15300
15327
15354
15380
15407
15432
15457
15484
15511
15538
15565
15592
15618
15644
15670
15696
15723
15748
15775
15801
15828
15853
15878
15904
15930
15955
15982
16009
16036
16061
16086
16112
16138
16165
16190
16215
16241
16266
