39457
39458
39462
39472
39476
39478
39481
39487
39490
39491
39492
39495
39496
39497
39500
39511
39516
39518
39519
39521
39522
39531
39538
39540
39543
39546
39548
39558
39559
39560
39568
39570
39573
39576
39577
39578
39579
39584
39587
39592
39598
39600
39609
39610
39611
39616
39622
39624
39631
39634
39636
39657
39660
39672
39673
39677
39678
39686
39695
39460
39470
39474
39484
39489
39498
39503
39514
39517
39520
39532
39535
39541
39544
39550
39552
39553
39557
39562
39564
39565
39572
39586
39588
39595
39597
39601
39602
39604
39608
39612
39625
39633
39646
39655
39664
39674
39679
39687
39688
39689
39691
39480
39465
39488
39507
39524
39525
39539
39551
39555
39585
39589
39619
39621
39623
39628
39637
39641
39649
39650
39661
39665
39670
39681
39682
39692
39693
39454
39456
39468
39473
39475
39483
39486
39494
39499
39502
39504
39505
39509
39513
39529
39534
39536
39549
39554
39567
39569
39571
39574
39591
39596
39599
39605
39613
39615
39652
39653
39662
39668
39683
39684
39685
39508
39479
39455
39459
39461
39463
39464
39466
39467
39469
39471
39477
39482
39485
39493
39501
39506
39510
39512
39515
39523
39526
39527
39528
39530
39533
39537
39542
39545
39547
39556
39561
39563
39566
39575
39580
39581
39582
39583
39590
39593
39594
39603
39606
39607
39614
39617
39618
39620
39626
39627
39629
39630
39632
39635
39638
39639
39640
39642
39643
39644
39645
39647
39648
39651
39654
39656
39658
39659
39663
39666
39667
39669
39671
39675
39676
39680
39690
39694
39696
39322
39327
39331
39332
39334
39335
39336
39337
39338
39339
39342
39343
39344
39348
39351
39352
39354
39356
39363
39364
39369
39375
39380
39383
39388
39401
39404
39406
39407
39412
39414
39415
39416
39419
39430
39431
39445
39449
39452
39318
39324
39340
39365
39370
39376
39377
39379
39395
39396
39402
39421
39422
39424
39432
39436
39440
39444
39448
39450
39320
39325
39345
39347
39355
39358
39359
39362
39367
39368
39372
39390
39391
39417
39442
39326
39330
39333
39346
39360
39361
39371
39374
39378
39386
39392
39397
39409
39423
39426
39427
39428
39438
39443
39446
39451
39453
39317
39319
39321
39323
39328
39329
39341
39349
39350
39353
39357
39366
39373
39381
39382
39384
39385
39387
39389
39393
39394
39398
39399
39400
39403
39405
39408
39410
39411
39413
39418
39420
39425
39429
39433
39434
39435
39437
39439
39441
39447
39266
39270
39272
39275
39277
39281
39282
39283
39285
39292
39295
39298
39300
39305
39310
39315
39274
39286
39288
39291
39293
39301
39303
39304
39309
39273
39278
39297
39271
39296
39299
39308
39311
39265
39267
39268
39269
39276
39279
39280
