21269
21273
21274
21275
21276
21277
21278
21279
21287
21298
21305
21320
21323
21325
21326
21331
21333
21347
21348
21349
21350
21351
21352
21353
21354
21355
21356
21357
21358
21359
21360
21362
21376
21378
21379
21380
21387
21390
21392
21394
21395
21396
21397
21398
21454
21455
21459
21460
21461
21462
21463
21464
21479
21480
21481
21482
21483
21484
21490
21491
21492
21495
21496
21500
21501
21502
21503
21511
21513
21514
21515
21516
21517
21524
21525
21526
21527
21530
21551
21552
21553
21556
21564
21565
21566
21567
21571
21576
21582
21585
21592
21598
21599
21600
21602
21603
21604
21605
21607
21612
21613
21616
21617
21618
21621
21622
21623
21624
21626
21627
21640
21642
21643
21644
21645
21646
21648
21649
21650
21653
21668
21690
21691
21696
21697
21701
21702
21703
21704
21705
21706
21707
21715
21717
21718
21722
21724
21727
21728
21735
21739
21742
21743
21756
21757
21758
21764
21776
21777
21778
21780
21781
21784
21786
21787
21790
21793
21794
21801
21802
21803
21804
21805
21807
21808
21809
21810
21811
21812
21813
21814
21815
21816
21823
21824
21825
21826
21827
21828
21830
21833
21834
21848
21849
21850
21851
21853
21856
21867
21868
21869
21870
21872
21873
21874
21875
21879
21880
21881
21882
21885
21887
21895
21897
21898
21899
21900
21901
21902
21905
21906
21908
21909
21910
21916
21917
21918
21919
21920
21921
21922
21923
21924
21925
21926
21927
21928
21935
21936
21942
21943
21949
21964
21965
21968
21969
21976
21982
21983
21984
21988
21991
21999
22001
22002
22003
22005
22006
22007
22013
22014
22015
22023
22034
22038
22041
22042
22043
22044
22045
22046
22047
22048
22054
22063
22066
22067
22068
22070
22078
22079
22086
22087
22088
22097
22099
22100
22101
22102
22103
22104
22105
22106
22107
22108
22109
22110
22115
22116
22117
22119
22122
22126
22127
22128
22131
22133
22145
22147
22149
22161
22162
22165
22174
22176
22183
22184
22185
22186
22198
22199
22203
22204
22205
22206
22208
22209
22216
22217
22218
22219
22224
22233
22234
22235
22244
22249
22254
22256
22258
22262
22263
22272
22282
22284
22286
22289
22290
22291
22298
22299
22300
22301
22302
22303
22304
22305
22306
22308
22309
22310
22311
22312
22313
22323
22324
22332
22333
22334
22344
22352
22353
22359
22372
22374
22376
22384
22385
22389
22390
22391
22404
22405
22406
22407
22408
22409
22411
22412
22413
22414
22415
22416
22417
22418
22419
22422
22424
22431
22437
22438
22439
22440
22456
22457
22458
22459
22460
22461
22462
22469
22470
22474
22479
22481
22491
22502
22508
22521
22522
22525
22528
22532
22540
22552
22553
22554
22556
22562
22571
22590
22597
22600
22607
22617
22624
22633
22635
22638
22651
22652
22659
22662
22672
22673
22674
