21272
21281
21282
21283
21299
21300
21309
21318
21322
21334
21338
21339
21340
21363
21386
21425
21457
21469
21471
21472
21486
21487
21488
21489
21518
21520
21529
21531
21569
21578
21579
21580
21587
21610
21614
21647
21654
21667
21670
21671
21679
21694
21736
21785
21799
21831
21861
21876
21878
21883
21884
21907
21915
21934
21945
21946
21959
21989
21993
22010
22011
22016
22024
22025
22026
22027
22033
22062
22064
22089
22120
22132
22136
22137
22138
22141
22155
22156
22158
22159
22163
22164
22179
22180
22220
22221
22222
22227
22243
22245
22246
22252
22253
22314
22315
22316
22317
22373
22420
22421
22433
22435
22436
22444
22445
22446
22447
22463
22676
22473
22490
22596
