21280
21289
21301
21302
21306
21319
21335
21336
21337
21364
21365
21377
21382
21383
21384
21385
21401
21402
21403
21408
21426
21431
21433
21456
21458
21466
21467
21470
21485
21497
21512
21522
21528
21538
21549
21561
21577
21581
21593
21609
21611
21663
21673
21677
21723
21734
21741
21779
21782
21789
21798
21821
21832
21844
21852
21854
21866
21871
21886
21888
21889
21891
21892
21893
21894
21896
21932
21944
21948
21961
21970
21971
21980
21981
21992
21994
21995
21996
22028
22039
22049
22051
22052
22053
22055
22061
22065
22071
22084
22098
22118
22121
22139
22142
22144
22150
22152
22153
22160
22187
22193
22194
22200
22201
22202
22228
22236
22247
22251
22255
22257
22261
22264
22283
22288
22354
22380
22383
22410
22427
22428
22429
22430
22434
22441
22442
22443
22450
22492
22498
22499
22509
22523
22527
22551
22572
22601
22605
22609
22614
22623
22630
22653
